parallel,iterations,duration_ns,debug
1,21,10000000000,false
